\appendix

\chapter{Inverse Fisher Matrix Elements}

\begin{sidewaystable}[htbp]\footnotesize
\centering
\begin{tabular}{cccccccccccc}
  & $M_\bullet $ & $a $ & $\Theta $ & $\overline{\Theta}$ & $\overline{\Phi}$ & $L_z $ & $Q $ & $\mu $ & $x_0 $ & $y_0 $ & $z_0$  \\ \midrule
$M_\bullet $ & ${8.7657e-12}$ & ${1.6933e-13}$ & ${4.4325e-15}$ & ${8.6152e-14}$ & ${1.653e-14}$ & ${4.9477e-17}$ & ${-1.8248e-12}$ & ${-4.7969e-15}$ & ${-8.5691e-12}$ & ${1.4307e-16}$ & ${9.0984e-13}$ \\
$a$ & ${1.6933e-13}$ & ${5.2839e-08}$ & ${5.9774e-10}$ & ${2.5696e-08}$ & ${4.9457e-09}$ & ${6.529e-11}$ & ${-5.4228e-07}$ & ${4.4962e-09}$ & ${-6.8912e-13}$ & ${6.8668e-14}$ & ${2.6846e-07}$ \\
$\Theta $ & ${4.4325e-15}$ & ${5.9774e-10}$ & ${6.295e-11}$ & ${3.3514e-10}$ & ${6.8721e-11}$ & ${-4.8672e-12}$ & ${-6.2982e-09}$ & ${9.6747e-11}$ & ${-1.5967e-14}$ & ${1.2203e-15}$ & ${3.012e-09}$ \\
$\overline{\Theta}$ & ${8.6152e-14}$ & ${2.5696e-08}$ & ${3.3514e-10}$ & ${1.7594e-08}$ & ${2.575e-09}$ & ${1.9694e-11}$ & ${-2.6975e-07}$ & ${7.7382e-09}$ & ${-3.4386e-13}$ & ${3.2956e-14}$ & ${1.3405e-07}$ \\
$\overline{\Phi}$ & ${1.653e-14}$ & ${4.9457e-09}$ & ${6.8721e-11}$ & ${2.575e-09}$ & ${6.8512e-10}$ & ${2.2773e-12}$ & ${-5.2313e-08}$ & ${1.3173e-11}$ & ${-6.5644e-14}$ & ${6.3074e-15}$ & ${2.5793e-08}$ \\
$L_z $ & ${4.9477e-17}$ & ${6.529e-11}$ & ${-4.8672e-12}$ & ${1.9694e-11}$ & ${2.2773e-12}$ & ${7.8084e-12}$ & ${-4.1858e-10}$ & ${8.1739e-11}$ & ${-5.1722e-16}$ & ${1.0149e-16}$ & ${1.7151e-10}$ \\
$Q $ & ${-1.8248e-12}$ & ${-5.4228e-07}$ & ${-6.2982e-09}$ & ${-2.6975e-07}$ & ${-5.2313e-08}$ & ${-4.1858e-10}$ & ${5.705e-06}$ & ${-3.5981e-09}$ & ${7.2507e-12}$ & ${-6.9507e-13}$ & ${-2.8446e-06}$ \\
$\mu $ & ${-4.7969e-15}$ & ${4.4962e-09}$ & ${9.6747e-11}$ & ${7.7382e-09}$ & ${1.3173e-11}$ & ${8.1739e-11}$ & ${-3.5981e-09}$ & ${2.945e-08}$ & ${-4.5587e-14}$ & ${1.4106e-14}$ & ${-4.8589e-09}$ \\
$x_0 $ & ${-8.5691e-12}$ & ${-6.8912e-13}$ & ${-1.5967e-14}$ & ${-3.4386e-13}$ & ${-6.5644e-14}$ & ${-5.1722e-16}$ & ${7.2507e-12}$ & ${-4.5587e-14}$ & ${3.231e-11}$ & ${-1.1961e-15}$ & ${-3.5953e-12}$ \\
$y_0 $ & ${1.4307e-16}$ & ${6.8668e-14}$ & ${1.2203e-15}$ & ${3.2956e-14}$ & ${6.3074e-15}$ & ${1.0149e-16}$ & ${-6.9507e-13}$ & ${1.4106e-14}$ & ${-1.1961e-15}$ & ${2.4471e-11}$ & ${3.4158e-13}$ \\
$z_0 $ & ${9.0984e-13}$ & ${2.6846e-07}$ & ${3.012e-09}$ & ${1.3405e-07}$ & ${2.5793e-08}$ & ${1.7151e-10}$ & ${-2.8446e-06}$ & ${-4.8589e-09}$ & ${-3.5953e-12}$ & ${3.4158e-13}$ & ${1.4224e-06}$\end{tabular}
\caption{Inverse Fisher matrix elements for orbit 1. The values are normalised with respect to their maximum-likelihood values, thus $\Gamma^{-1}_{aa} = \num{1e-4}$ indicates that the uncertainty in parameter $\lambda^a$ is $\SI{1}{\percent}$.}
\label{tab:Fisher_1}
\end{sidewaystable}
\begin{sidewaystable}[htbp]\footnotesize
\centering
\begin{tabular}{cccccccccccc}
 & $M_\bullet$ & $a$ & $\Theta$ & $\overline{\Theta}$ & $\overline{\Phi}$ & $L_z$ & $Q$ & $\mu$ & $x_0$ & $y_0$ & $z_0$  \\ \midrule
$M_\bullet$ & ${1.0914e-07}$ & ${7.414e-09}$ & ${2.9678e-09}$ & ${1.0315e-09}$ & ${4.3989e-09}$ & ${2.8342e-09}$ & ${6.9064e-09}$ & ${3.8603e-09}$ & ${-2.7774e-08}$ & ${-1.1975e-08}$ & ${-6.8751e-10}$ \\
$a$ & ${7.414e-09}$ & ${2.7842e-05}$ & ${2.0793e-07}$ & ${1.1299e-07}$ & ${-6.8095e-08}$ & ${-1.8785e-08}$ & ${2.8485e-05}$ & ${3.858e-06}$ & ${-4.6642e-09}$ & ${-9.1608e-10}$ & ${-1.0211e-05}$ \\
$\Theta$ & ${2.9678e-09}$ & ${2.0793e-07}$ & ${5.1899e-07}$ & ${-1.0135e-07}$ & ${1.4569e-07}$ & ${3.188e-07}$ & ${4.5949e-08}$ & ${1.427e-07}$ & ${-1.3258e-09}$ & ${-5.0283e-10}$ & ${-3.3404e-07}$ \\
$\overline{\Theta}$ & ${1.0315e-09}$ & ${1.1299e-07}$ & ${-1.0135e-07}$ & ${1.6664e-05}$ & ${1.9921e-07}$ & ${-2.0635e-07}$ & ${5.5793e-07}$ & ${2.7862e-05}$ & ${-7.0936e-10}$ & ${-2.7631e-10}$ & ${8.3794e-07}$ \\
$\overline{\Phi}$ & ${4.3989e-09}$ & ${-6.8095e-08}$ & ${1.4569e-07}$ & ${1.9921e-07}$ & ${1.0977e-06}$ & ${-1.54e-07}$ & ${-2.6509e-07}$ & ${-1.3382e-07}$ & ${-2.2935e-09}$ & ${-8.7094e-10}$ & ${8.8735e-07}$ \\
$L_z$ & ${2.8342e-09}$ & ${-1.8785e-08}$ & ${3.188e-07}$ & ${-2.0635e-07}$ & ${-1.54e-07}$ & ${3.3069e-07}$ & ${2.053e-08}$ & ${1.2263e-08}$ & ${-9.1375e-10}$ & ${-3.3502e-10}$ & ${-9.4523e-08}$ \\
$Q$ & ${6.9064e-09}$ & ${2.8485e-05}$ & ${4.5949e-08}$ & ${5.5793e-07}$ & ${-2.6509e-07}$ & ${2.053e-08}$ & ${5.0385e-05}$ & ${6.7817e-06}$ & ${-4.4482e-09}$ & ${-6.9192e-10}$ & ${1.5154e-05}$ \\
$\mu$ & ${3.8603e-09}$ & ${3.858e-06}$ & ${1.427e-07}$ & ${2.7862e-05}$ & ${-1.3382e-07}$ & ${1.2263e-08}$ & ${6.7817e-06}$ & ${6.825e-05}$ & ${-2.1644e-09}$ & ${-8.061e-10}$ & ${2.4153e-06}$ \\
$x_0$ & ${-2.7774e-08}$ & ${-4.6642e-09}$ & ${-1.3258e-09}$ & ${-7.0936e-10}$ & ${-2.2935e-09}$ & ${-9.1375e-10}$ & ${-4.4482e-09}$ & ${-2.1644e-09}$ & ${1.3512e-07}$ & ${-5.0502e-08}$ & ${3.0807e-10}$ \\
$y_0$ & ${-1.1975e-08}$ & ${-9.1608e-10}$ & ${-5.0283e-10}$ & ${-2.7631e-10}$ & ${-8.7094e-10}$ & ${-3.3502e-10}$ & ${-6.9192e-10}$ & ${-8.061e-10}$ & ${-5.0502e-08}$ & ${1.2814e-07}$ & ${-1.13e-10}$ \\
$z_0$ & ${-6.8751e-10}$ & ${-1.0211e-05}$ & ${-3.3404e-07}$ & ${8.3794e-07}$ & ${8.8735e-07}$ & ${-9.4523e-08}$ & ${1.5154e-05}$ & ${2.4153e-06}$ & ${3.0807e-10}$ & ${-1.13e-10}$ & ${6.1453e-05}$
\end{tabular}
\caption{Inverse Fisher matrix elements for orbit 2. The values are normalised with respect to their maximum-likelihood values, thus $\Gamma^{-1}_{aa} = \num{1e-4}$ indicates that the uncertainty in parameter $\lambda^a$ is $\SI{1}{\percent}$.}
\label{tab:Fisher_2}
\end{sidewaystable}
\begin{sidewaystable}[htbp]\footnotesize
\centering
\begin{tabular}{cccccccccccc}
 & $M_\bullet$ & $a$ & $\Theta$ & $\overline{\Theta}$ & $\overline{\Phi}$ & $L_z$ & $Q$ & $\mu$ & $x_0$ & $y_0$ & $z_0$  \\ \midrule
$M_\bullet$ & ${0.00026867}$ & ${-1.2191e-05}$ & ${-7.9111e-06}$ & ${9.4332e-05}$ & ${3.7957e-05}$ & ${3.6052e-05}$ & ${5.0196e-06}$ & ${0.00074878}$ & ${2.7983e-05}$ & ${0.00018994}$ & ${-1.8918e-05}$ \\
$a$ & ${-1.2191e-05}$ & ${0.0018947}$ & ${-0.00046826}$ & ${0.00055609}$ & ${-0.00034431}$ & ${-1.4984e-05}$ & ${0.00011026}$ & ${0.00030812}$ & ${9.9203e-06}$ & ${8.1508e-06}$ & ${-0.0001466}$ \\
$\Theta$ & ${-7.9111e-06}$ & ${-0.00046826}$ & ${0.00074276}$ & ${-0.00026906}$ & ${0.00012038}$ & ${9.7231e-05}$ & ${-0.00028012}$ & ${0.00067466}$ & ${-1.204e-05}$ & ${-9.387e-06}$ & ${-1.3117e-05}$ \\
$\overline{\Theta}$ & ${9.4332e-05}$ & ${0.00055609}$ & ${-0.00026906}$ & ${0.014912}$ & ${-0.00058705}$ & ${2.4675e-05}$ & ${-0.00015977}$ & ${0.028231}$ & ${-2.2376e-05}$ & ${0.00013587}$ & ${4.3118e-05}$ \\
$\overline{\Phi}$ & ${3.7957e-05}$ & ${-0.00034431}$ & ${0.00012038}$ & ${-0.00058705}$ & ${0.0010817}$ & ${-0.00017208}$ & ${-9.024e-05}$ & ${-0.0016248}$ & ${1.3103e-05}$ & ${-6.858e-05}$ & ${-2.232e-05}$ \\
$L_z$ & ${3.6052e-05}$ & ${-1.4984e-05}$ & ${9.7231e-05}$ & ${2.4675e-05}$ & ${-0.00017208}$ & ${0.00017391}$ & ${-1.9102e-05}$ & ${0.00082525}$ & ${3.7926e-05}$ & ${-1.8694e-06}$ & ${-6.2733e-06}$ \\
$Q$ & ${5.0196e-06}$ & ${0.00011026}$ & ${-0.00028012}$ & ${-0.00015977}$ & ${-9.024e-05}$ & ${-1.9102e-05}$ & ${0.00094102}$ & ${-0.00017808}$ & ${-2.7519e-06}$ & ${1.4784e-05}$ & ${-0.00064196}$ \\
$\mu$ & ${0.00074878}$ & ${0.00030812}$ & ${0.00067466}$ & ${0.028231}$ & ${-0.0016248}$ & ${0.00082525}$ & ${-0.00017808}$ & ${0.080893}$ & ${0.00012525}$ & ${0.00056465}$ & ${-0.00046963}$ \\
$x_0$ & ${2.7983e-05}$ & ${9.9203e-06}$ & ${-1.204e-05}$ & ${-2.2376e-05}$ & ${1.3103e-05}$ & ${3.7926e-05}$ & ${-2.7519e-06}$ & ${0.00012525}$ & ${0.00023781}$ & ${-0.00015357}$ & ${1.0923e-05}$ \\
$y_0$ & ${0.00018994}$ & ${8.1508e-06}$ & ${-9.387e-06}$ & ${0.00013587}$ & ${-6.858e-05}$ & ${-1.8694e-06}$ & ${1.4784e-05}$ & ${0.00056465}$ & ${-0.00015357}$ & ${0.00037969}$ & ${-1.5616e-05}$ \\
$z_0$ & ${-1.8918e-05}$ & ${-0.0001466}$ & ${-1.3117e-05}$ & ${4.3118e-05}$ & ${-2.232e-05}$ & ${-6.2733e-06}$ & ${-0.00064196}$ & ${-0.00046963}$ & ${1.0923e-05}$ & ${-1.5616e-05}$ & ${0.0010638}$
\end{tabular}
\caption{Inverse Fisher matrix elements for orbit 3. The values are normalised with respect to their maximum-likelihood values, thus $\Gamma^{-1}_{aa} = \num{1e-4}$ indicates that the uncertainty in parameter $\lambda^a$ is $\SI{1}{\percent}$.}
\label{tab:Fisher_3}
\end{sidewaystable}
\begin{sidewaystable}[htbp]\footnotesize
\centering
\begin{tabular}{cccccccccccc}
 & $M_\bullet$ & $a$ & $\Theta$ & $\overline{\Theta}$ & $\overline{\Phi}$ & $L_z$ & $Q$ & $\mu$ & $x_0$ & $y_0$ & $z_0$  \\ \midrule
$M_\bullet$ & ${0.00057459}$ & ${-8.8878e-05}$ & ${-2.6583e-06}$ & ${2.7635e-05}$ & ${-2.9795e-05}$ & ${8.5603e-05}$ & ${-1.6599e-05}$ & ${0.0015065}$ & ${0.00010182}$ & ${0.00038711}$ & ${-1.9973e-06}$ \\
$a$ & ${-8.8878e-05}$ & ${0.041293}$ & ${-0.0010487}$ & ${-0.0025001}$ & ${-0.00090422}$ & ${1.4159e-05}$ & ${-0.0021899}$ & ${-0.0013009}$ & ${5.935e-05}$ & ${-0.00020678}$ & ${7.8526e-06}$ \\
$\Theta$ & ${-2.6583e-06}$ & ${-0.0010487}$ & ${0.001465}$ & ${0.0020064}$ & ${1.4792e-06}$ & ${8.0118e-06}$ & ${-0.00020211}$ & ${0.0030929}$ & ${7.5504e-05}$ & ${-8.8031e-05}$ & ${-0.00028355}$ \\
$\overline{\Theta}$ & ${2.7635e-05}$ & ${-0.0025001}$ & ${0.0020064}$ & ${0.14885}$ & ${0.00056679}$ & ${0.00050234}$ & ${1.3345e-05}$ & ${0.18051}$ & ${0.00024265}$ & ${-6.0704e-05}$ & ${-0.00021085}$ \\
$\overline{\Phi}$ & ${-2.9795e-05}$ & ${-0.00090422}$ & ${1.4792e-06}$ & ${0.00056679}$ & ${0.0013188}$ & ${0.00011039}$ & ${-7.6711e-05}$ & ${0.00042715}$ & ${-8.6577e-06}$ & ${3.4287e-05}$ & ${0.00010429}$ \\
$L_z$ & ${8.5603e-05}$ & ${1.4159e-05}$ & ${8.0118e-06}$ & ${0.00050234}$ & ${0.00011039}$ & ${0.00029412}$ & ${9.7581e-05}$ & ${0.0017793}$ & ${0.00010537}$ & ${-3.963e-05}$ & ${-0.00016186}$ \\
$Q$ & ${-1.6599e-05}$ & ${-0.0021899}$ & ${-0.00020211}$ & ${1.3345e-05}$ & ${-7.6711e-05}$ & ${9.7581e-05}$ & ${0.0020381}$ & ${0.00029266}$ & ${1.8877e-05}$ & ${-2.9853e-05}$ & ${-0.0013189}$ \\
$\mu$ & ${0.0015065}$ & ${-0.0013009}$ & ${0.0030929}$ & ${0.18051}$ & ${0.00042715}$ & ${0.0017793}$ & ${0.00029266}$ & ${0.27445}$ & ${0.00088229}$ & ${0.00054805}$ & ${-0.0018364}$ \\
$x_0$ & ${0.00010182}$ & ${5.935e-05}$ & ${7.5504e-05}$ & ${0.00024265}$ & ${-8.6577e-06}$ & ${0.00010537}$ & ${1.8877e-05}$ & ${0.00088229}$ & ${0.00066214}$ & ${-0.00041333}$ & ${1.9247e-05}$ \\
$y_0$ & ${0.00038711}$ & ${-0.00020678}$ & ${-8.8031e-05}$ & ${-6.0704e-05}$ & ${3.4287e-05}$ & ${-3.963e-05}$ & ${-2.9853e-05}$ & ${0.00054805}$ & ${-0.00041333}$ & ${0.00084029}$ & ${-2.7671e-05}$ \\
$z_0$ & ${-1.9973e-06}$ & ${7.8526e-06}$ & ${-0.00028355}$ & ${-0.00021085}$ & ${0.00010429}$ & ${-0.00016186}$ & ${-0.0013189}$ & ${-0.0018364}$ & ${1.9247e-05}$ & ${-2.7671e-05}$ & ${0.00211}$
\end{tabular}
\caption{Inverse Fisher matrix elements for orbit 5. The values are normalised with respect to their maximum-likelihood values, thus $\Gamma^{-1}_{aa} = \num{1e-4}$ indicates that the uncertainty in parameter $\lambda^a$ is $\SI{1}{\percent}$.}
\label{tab:Fisher_5}
\end{sidewaystable}
\begin{sidewaystable}[htbp]\footnotesize
\centering
\begin{tabular}{cccccccccccc}
 & $M_\bullet$ & $a$ & $\Theta$ & $\overline{\Theta}$ & $\overline{\Phi}$ & $L_z$ & $Q$ & $\mu$ & $x_0$ & $y_0$ & $z_0$  \\ \midrule
$M_\bullet$ & ${9.2661e-06}$ & ${-3.5322e-08}$ & ${-4.7416e-07}$ & ${-1.072e-07}$ & ${3.1583e-07}$ & ${6.091e-07}$ & ${9.1093e-08}$ & ${9.0197e-07}$ & ${-1.0628e-06}$ & ${1.6327e-06}$ & ${8.1368e-06}$ \\
$a$ & ${-3.5322e-08}$ & ${2.2638e-05}$ & ${-1.0796e-06}$ & ${-7.491e-08}$ & ${-2.6389e-06}$ & ${-6.1791e-07}$ & ${2.9903e-06}$ & ${1.4466e-06}$ & ${5.7817e-08}$ & ${-1.2118e-07}$ & ${9.0749e-08}$ \\
$\Theta$ & ${-4.7416e-07}$ & ${-1.0796e-06}$ & ${9.7743e-06}$ & ${1.167e-06}$ & ${2.8319e-06}$ & ${-9.5851e-06}$ & ${-3.4211e-06}$ & ${-3.3084e-05}$ & ${1.1762e-06}$ & ${-7.932e-07}$ & ${-2.0303e-07}$ \\
$\overline{\Theta}$ & ${-1.072e-07}$ & ${-7.491e-08}$ & ${1.167e-06}$ & ${0.00016037}$ & ${-4.2488e-06}$ & ${-1.9959e-06}$ & ${1.187e-06}$ & ${0.0002939}$ & ${-1.1845e-08}$ & ${1.0112e-07}$ & ${-1.6771e-07}$ \\
$\overline{\Phi}$ & ${3.1583e-07}$ & ${-2.6389e-06}$ & ${2.8319e-06}$ & ${-4.2488e-06}$ & ${1.6021e-05}$ & ${2.4462e-06}$ & ${-1.5798e-06}$ & ${-4.9085e-06}$ & ${1.9027e-08}$ & ${2.8271e-09}$ & ${-7.0535e-08}$ \\
$L_z$ & ${6.091e-07}$ & ${-6.1791e-07}$ & ${-9.5851e-06}$ & ${-1.9959e-06}$ & ${2.4462e-06}$ & ${1.7091e-05}$ & ${-6.5982e-06}$ & ${4.948e-05}$ & ${-6.7705e-07}$ & ${5.0601e-07}$ & ${5.2103e-07}$ \\
$Q$ & ${9.1093e-08}$ & ${2.9903e-06}$ & ${-3.4211e-06}$ & ${1.187e-06}$ & ${-1.5798e-06}$ & ${-6.5982e-06}$ & ${2.566e-05}$ & ${-5.5757e-06}$ & ${-5.5756e-07}$ & ${3.3484e-07}$ & ${-1.925e-07}$ \\
$\mu$ & ${9.0197e-07}$ & ${1.4466e-06}$ & ${-3.3084e-05}$ & ${0.0002939}$ & ${-4.9085e-06}$ & ${4.948e-05}$ & ${-5.5757e-06}$ & ${0.00094972}$ & ${-3.9962e-06}$ & ${3.0586e-06}$ & ${1.7637e-09}$ \\
$x_0$ & ${-1.0628e-06}$ & ${5.7817e-08}$ & ${1.1762e-06}$ & ${-1.1845e-08}$ & ${1.9027e-08}$ & ${-6.7705e-07}$ & ${-5.5756e-07}$ & ${-3.9962e-06}$ & ${8.2193e-06}$ & ${-8.6528e-06}$ & ${2.257e-06}$ \\
$y_0$ & ${1.6327e-06}$ & ${-1.2118e-07}$ & ${-7.932e-07}$ & ${1.0112e-07}$ & ${2.8271e-09}$ & ${5.0601e-07}$ & ${3.3484e-07}$ & ${3.0586e-06}$ & ${-8.6528e-06}$ & ${1.0898e-05}$ & ${-2.8139e-06}$ \\
$z_0$ & ${8.1368e-06}$ & ${9.0749e-08}$ & ${-2.0303e-07}$ & ${-1.6771e-07}$ & ${-7.0535e-08}$ & ${5.2103e-07}$ & ${-1.925e-07}$ & ${1.7637e-09}$ & ${2.257e-06}$ & ${-2.8139e-06}$ & ${1.009e-05}$
\end{tabular}
\caption{Inverse Fisher matrix elements for orbit 6. The values are normalised with respect to their maximum-likelihood values, thus $\Gamma^{-1}_{aa} = \num{1e-4}$ indicates that the uncertainty in parameter $\lambda^a$ is $\SI{1}{\percent}$.}
\label{tab:Fisher_6}
\end{sidewaystable}
\begin{sidewaystable}[htbp]\footnotesize
\centering
\begin{tabular}{cccccccccccc}
 & $M_\bullet$ & $a$ & $\Theta$ & $\overline{\Theta}$ & $\overline{\Phi}$ & $L_z$ & $Q$ & $\mu$ & $x_0$ & $y_0$ & $z_0$  \\ \midrule
$M_\bullet$ & ${0.11036}$ & ${0.039568}$ & ${0.00066402}$ & ${-0.053532}$ & ${-0.044364}$ & ${0.021832}$ & ${0.011173}$ & ${-0.27983}$ & ${0.0031914}$ & ${0.011364}$ & ${0.0083009}$ \\
$a$ & ${0.039568}$ & ${5.2756}$ & ${0.16152}$ & ${0.34148}$ & ${-0.37946}$ & ${-0.02862}$ & ${-0.0066052}$ & ${0.16661}$ & ${0.046545}$ & ${-0.0093101}$ & ${0.008765}$ \\
$\Theta$ & ${0.00066402}$ & ${0.16152}$ & ${0.15329}$ & ${0.035583}$ & ${0.0051096}$ & ${-0.017537}$ & ${0.025084}$ & ${-0.25054}$ & ${0.02045}$ & ${-0.00083746}$ & ${-0.0050044}$ \\
$\overline{\Theta}$ & ${-0.053532}$ & ${0.34148}$ & ${0.035583}$ & ${8.8603}$ & ${-0.2836}$ & ${0.022709}$ & ${0.0084786}$ & ${15.923}$ & ${-0.0022206}$ & ${-0.010049}$ & ${-0.032782}$ \\
$\overline{\Phi}$ & ${-0.044364}$ & ${-0.37946}$ & ${0.0051096}$ & ${-0.2836}$ & ${0.44556}$ & ${0.0208}$ & ${-0.0020175}$ & ${-0.39471}$ & ${0.014708}$ & ${0.013431}$ & ${0.010567}$ \\
$L_z$ & ${0.021832}$ & ${-0.02862}$ & ${-0.017537}$ & ${0.022709}$ & ${0.0208}$ & ${0.12813}$ & ${0.0009769}$ & ${0.39248}$ & ${0.0094456}$ & ${-0.0055042}$ & ${-0.0018176}$ \\
$Q$ & ${0.011173}$ & ${-0.0066052}$ & ${0.025084}$ & ${0.0084786}$ & ${-0.0020175}$ & ${0.0009769}$ & ${0.13987}$ & ${-0.072871}$ & ${-0.0065657}$ & ${-0.00038537}$ & ${0.030163}$ \\
$\mu$ & ${-0.27983}$ & ${0.16661}$ & ${-0.25054}$ & ${15.923}$ & ${-0.39471}$ & ${0.39248}$ & ${-0.072871}$ & ${42.77}$ & ${0.052667}$ & ${-0.059053}$ & ${-0.050792}$ \\
$x_0$ & ${0.0031914}$ & ${0.046545}$ & ${0.02045}$ & ${-0.0022206}$ & ${0.014708}$ & ${0.0094456}$ & ${-0.0065657}$ & ${0.052667}$ & ${0.14281}$ & ${-0.0026959}$ & ${0.0052173}$ \\
$y_0$ & ${0.011364}$ & ${-0.0093101}$ & ${-0.00083746}$ & ${-0.010049}$ & ${0.013431}$ & ${-0.0055042}$ & ${-0.00038537}$ & ${-0.059053}$ & ${-0.0026959}$ & ${0.023407}$ & ${-0.0016153}$ \\
$z_0$ & ${0.0083009}$ & ${0.008765}$ & ${-0.0050044}$ & ${-0.032782}$ & ${0.010567}$ & ${-0.0018176}$ & ${0.030163}$ & ${-0.050792}$ & ${0.0052173}$ & ${-0.0016153}$ & ${0.1478}$
\end{tabular}
\caption{Inverse Fisher matrix elements for orbit 7. The values are normalised with respect to their maximum-likelihood values, thus $\Gamma^{-1}_{aa} = \num{1e-4}$ indicates that the uncertainty in parameter $\lambda^a$ is $\SI{1}{\percent}$.}
\label{tab:Fisher_7}
\end{sidewaystable}
